45.0 2.4410 0.09182
45.5 2.5244 0.09153
46.0 2.6077 0.09124
46.5 2.6913 0.09094
47.0 2.7755 0.09065
47.5 2.8609 0.09036
48.0 2.9480 0.09007
48.5 3.0377 0.08977
49.0 3.1308 0.08948
49.5 3.2276 0.08919
50.0 3.3278 0.08890
50.5 3.4311 0.08861
51.0 3.5376 0.08831
51.5 3.6477 0.08801
52.0 3.7620 0.08771
52.5 3.8814 0.08741
53.0 4.0060 0.08711
53.5 4.1354 0.08681
54.0 4.2693 0.08651
54.5 4.4066 0.08621
55.0 4.5467 0.08592
55.5 4.6892 0.08563
56.0 4.8338 0.08535
56.5 4.9796 0.08507
57.0 5.1259 0.08481
57.5 5.2721 0.08455
58.0 5.4180 0.08430
58.5 5.5632 0.08406
59.0 5.7074 0.08383
59.5 5.8501 0.08362
60.0 5.9907 0.08342
60.5 6.1284 0.08324
61.0 6.2632 0.08308
61.5 6.3954 0.08292
62.0 6.5251 0.08279
62.5 6.6527 0.08266
63.0 6.7786 0.08255
63.5 6.9028 0.08245
64.0 7.0255 0.08236
64.5 7.1467 0.08229
65.0 7.2666 0.08223
65.5 7.3854 0.08218
66.0 7.5034 0.08215
66.5 7.6206 0.08213
67.0 7.7370 0.08212
67.5 7.8526 0.08212
68.0 7.9674 0.08214
68.5 8.0816 0.08216
69.0 8.1955 0.08219
69.5 8.3092 0.08224
70.0 8.4227 0.08229
70.5 8.5358 0.08235
71.0 8.6480 0.08241
71.5 8.7594 0.08248
72.0 8.8697 0.08254
72.5 8.9788 0.08262
73.0 9.0865 0.08269
73.5 9.1927 0.08276
74.0 9.2974 0.08283
74.5 9.4010 0.08289
75.0 9.5032 0.08295
75.5 9.6041 0.08301
76.0 9.7033 0.08307
76.5 9.8007 0.08311
77.0 9.8963 0.08314
77.5 9.9902 0.08317
78.0 10.0827 0.08318
78.5 10.1741 0.08318
79.0 10.2649 0.08316
79.5 10.3558 0.08313
80.0 10.4475 0.08308
80.5 10.5405 0.08301
81.0 10.6352 0.08293
81.5 10.7322 0.08284
82.0 10.8321 0.08273
82.5 10.9350 0.08260
83.0 11.0415 0.08246
83.5 11.1516 0.08231
84.0 11.2651 0.08215
84.5 11.3817 0.08198
85.0 11.5007 0.08181
85.5 11.6218 0.08163
86.0 11.7444 0.08145
86.5 11.8678 0.08128
87.0 11.9916 0.08111
87.5 12.1152 0.08096
88.0 12.2382 0.08082
88.5 12.3603 0.08069
89.0 12.4815 0.08058
89.5 12.6017 0.08048
90.0 12.7209 0.08041
90.5 12.8392 0.08034
91.0 12.9569 0.08030
91.5 13.0742 0.08026
92.0 13.1910 0.08025
92.5 13.3075 0.08025
93.0 13.4239 0.08026
93.5 13.5404 0.08029
94.0 13.6572 0.08034
94.5 13.7746 0.08040
95.0 13.8928 0.08047
95.5 14.0120 0.08056
96.0 14.1325 0.08067
96.5 14.2544 0.08078
97.0 14.3782 0.08092
97.5 14.5038 0.08106
98.0 14.6316 0.08122
98.5 14.7614 0.08139
99.0 14.8934 0.08157
99.5 15.0275 0.08177
100.0 15.1637 0.08198
100.5 15.3018 0.08220
101.0 15.4419 0.08243
101.5 15.5838 0.08267
102.0 15.7276 0.08292
102.5 15.8732 0.08317
103.0 16.0206 0.08343
103.5 16.1697 0.08370
104.0 16.3204 0.08397
104.5 16.4728 0.08425
105.0 16.6268 0.08453
105.5 16.7826 0.08481
106.0 16.9401 0.08510
106.5 17.0995 0.08539
107.0 17.2607 0.08568
107.5 17.4237 0.08599
108.0 17.5885 0.08629
108.5 17.7553 0.08660
109.0 17.9242 0.08691
109.5 18.0954 0.08723
110.0 18.2689 0.08755
