45.0 2.4607 0.09029
45.5 2.5457 0.09033
46.0 2.6306 0.09037
46.5 2.7155 0.09040
47.0 2.8007 0.09044
47.5 2.8867 0.09048
48.0 2.9741 0.09052
48.5 3.0636 0.09056
49.0 3.1560 0.09060
49.5 3.2520 0.09064
50.0 3.3518 0.09068
50.5 3.4557 0.09072
51.0 3.5636 0.09076
51.5 3.6754 0.09080
52.0 3.7911 0.09085
52.5 3.9105 0.09089
53.0 4.0332 0.09093
53.5 4.1591 0.09098
54.0 4.2875 0.09102
54.5 4.4179 0.09106
55.0 4.5498 0.09110
55.5 4.6827 0.09114
56.0 4.8162 0.09118
56.5 4.9500 0.09121
57.0 5.0837 0.09125
57.5 5.2173 0.09128
58.0 5.3507 0.09130
58.5 5.4834 0.09132
59.0 5.6151 0.09134
59.5 5.7454 0.09135
60.0 5.8742 0.09136
60.5 6.0014 0.09137
61.0 6.1270 0.09137
61.5 6.2511 0.09136
62.0 6.3738 0.09135
62.5 6.4948 0.09133
63.0 6.6144 0.09131
63.5 6.7328 0.09129
64.0 6.8501 0.09126
64.5 6.9662 0.09123
65.0 7.0812 0.09119
65.5 7.1950 0.09115
66.0 7.3076 0.09110
66.5 7.4189 0.09106
67.0 7.5288 0.09101
67.5 7.6375 0.09096
68.0 7.7448 0.09090
68.5 7.8509 0.09085
69.0 7.9559 0.09079
69.5 8.0599 0.09074
70.0 8.1630 0.09068
70.5 8.2651 0.09062
71.0 8.3666 0.09056
71.5 8.4676 0.09050
72.0 8.5679 0.09043
72.5 8.6674 0.09037
73.0 8.7661 0.09031
73.5 8.8638 0.09025
74.0 8.9601 0.09018
74.5 9.0552 0.09012
75.0 9.1490 0.09005
75.5 9.2418 0.08999
76.0 9.3337 0.08992
76.5 9.4252 0.08985
77.0 9.5166 0.08979
77.5 9.6086 0.08972
78.0 9.7015 0.08965
78.5 9.7957 0.08959
79.0 9.8915 0.08952
79.5 9.9892 0.08946
80.0 10.0891 0.08940
80.5 10.1916 0.08934
81.0 10.2965 0.08928
81.5 10.4041 0.08923
82.0 10.5140 0.08918
82.5 10.6263 0.08914
83.0 10.7410 0.08910
83.5 10.8578 0.08906
84.0 10.9767 0.08903
84.5 11.0974 0.08900
85.0 11.2198 0.08898
85.5 11.3435 0.08897
86.0 11.4684 0.08895
86.5 11.5940 0.08895
87.0 11.7201 0.08895
87.5 11.8461 0.08895
88.0 11.9720 0.08896
88.5 12.0976 0.08898
89.0 12.2229 0.08900
89.5 12.3477 0.08903
90.0 12.4723 0.08906
90.5 12.5965 0.08909
91.0 12.7205 0.08913
91.5 12.8443 0.08918
92.0 12.9681 0.08923
92.5 13.0920 0.08928
93.0 13.2158 0.08934
93.5 13.3399 0.08941
94.0 13.4643 0.08948
94.5 13.5892 0.08955
95.0 13.7146 0.08963
95.5 13.8408 0.08972
96.0 13.9676 0.08981
96.5 14.0953 0.08990
97.0 14.2239 0.09000
97.5 14.3537 0.09010
98.0 14.4848 0.09021
98.5 14.6174 0.09033
99.0 14.7519 0.09044
99.5 14.8882 0.09057
100.0 15.0267 0.09069
100.5 15.1676 0.09083
101.0 15.3108 0.09096
101.5 15.4564 0.09110
102.0 15.6046 0.09125
102.5 15.7553 0.09139
103.0 15.9087 0.09155
103.5 16.0645 0.09170
104.0 16.2229 0.09186
104.5 16.3837 0.09203
105.0 16.5470 0.09219
105.5 16.7129 0.09236
106.0 16.8814 0.09254
106.5 17.0527 0.09271
107.0 17.2269 0.09289
107.5 17.4039 0.09307
108.0 17.5839 0.09326
108.5 17.7668 0.09344
109.0 17.9526 0.09363
109.5 18.1412 0.09382
110.0 18.3324 0.09401
