65.0 7.2402 0.09113
65.5 7.3523 0.09109
66.0 7.4630 0.09104
66.5 7.5724 0.09099
67.0 7.6806 0.09094
67.5 7.7874 0.09088
68.0 7.8930 0.09083
68.5 7.9976 0.09077
69.0 8.1012 0.09071
69.5 8.2039 0.09065
70.0 8.3058 0.09059
70.5 8.4071 0.09053
71.0 8.5078 0.09047
71.5 8.6078 0.09041
72.0 8.7070 0.09035
72.5 8.8053 0.09028
73.0 8.9025 0.09022
73.5 8.9983 0.09016
74.0 9.0928 0.09009
74.5 9.1862 0.09003
75.0 9.2786 0.08996
75.5 9.3703 0.08989
76.0 9.4617 0.08983
76.5 9.5533 0.08976
77.0 9.6456 0.08969
77.5 9.7390 0.08963
78.0 9.8338 0.08956
78.5 9.9303 0.08950
79.0 10.0289 0.08943
79.5 10.1298 0.08937
80.0 10.2332 0.08932
80.5 10.3393 0.08926
81.0 10.4477 0.08921
81.5 10.5586 0.08916
82.0 10.6719 0.08912
82.5 10.7874 0.08908
83.0 10.9051 0.08905
83.5 11.0248 0.08902
84.0 11.1462 0.08899
84.5 11.2691 0.08897
85.0 11.3934 0.08896
85.5 11.5186 0.08895
86.0 11.6444 0.08895
86.5 11.7705 0.08895
87.0 11.8965 0.08896
87.5 12.0223 0.08897
88.0 12.1478 0.08899
88.5 12.2729 0.08901
89.0 12.3976 0.08904
89.5 12.5220 0.08907
90.0 12.6461 0.08911
90.5 12.7700 0.08915
91.0 12.8939 0.08920
91.5 13.0177 0.08925
92.0 13.1415 0.08931
92.5 13.2654 0.08937
93.0 13.3896 0.08944
93.5 13.5142 0.08951
94.0 13.6393 0.08959
94.5 13.7650 0.08967
95.0 13.8914 0.08975
95.5 14.0186 0.08984
96.0 14.1466 0.08994
96.5 14.2757 0.09004
97.0 14.4059 0.09015
97.5 14.5376 0.09026
98.0 14.6710 0.09037
98.5 14.8062 0.09049
99.0 14.9434 0.09062
99.5 15.0828 0.09075
100.0 15.2246 0.09088
100.5 15.3687 0.09102
101.0 15.5154 0.09116
101.5 15.6646 0.09131
102.0 15.8164 0.09146
102.5 15.9707 0.09161
103.0 16.1276 0.09177
103.5 16.2870 0.09193
104.0 16.4488 0.09209
104.5 16.6131 0.09226
105.0 16.7800 0.09243
105.5 16.9496 0.09261
106.0 17.1220 0.09278
106.5 17.2973 0.09296
107.0 17.4755 0.09315
107.5 17.6567 0.09333
108.0 17.8407 0.09352
108.5 18.0277 0.09371
109.0 18.2174 0.09390
109.5 18.4096 0.09409
110.0 18.6043 0.09428
110.5 18.8015 0.09448
111.0 19.0009 0.09467
111.5 19.2024 0.09487
112.0 19.4060 0.09507
112.5 19.6116 0.09527
113.0 19.8190 0.09546
113.5 20.0280 0.09566
114.0 20.2385 0.09586
114.5 20.4502 0.09606
115.0 20.6629 0.09626
115.5 20.8766 0.09646
116.0 21.0909 0.09666
116.5 21.3059 0.09686
117.0 21.5213 0.09707
117.5 21.7370 0.09727
118.0 21.9529 0.09747
118.5 22.1690 0.09767
119.0 22.3851 0.09788
119.5 22.6012 0.09808
120.0 22.8173 0.09828
