65.0 7.4327 0.08217
65.5 7.5504 0.08214
66.0 7.6673 0.08212
66.5 7.7834 0.08212
67.0 7.8986 0.08213
67.5 8.0132 0.08214
68.0 8.1272 0.08217
68.5 8.2410 0.08221
69.0 8.3547 0.08226
69.5 8.4680 0.08231
70.0 8.5808 0.08237
70.5 8.6927 0.08243
71.0 8.8036 0.08250
71.5 8.9135 0.08257
72.0 9.0221 0.08264
72.5 9.1292 0.08272
73.0 9.2347 0.08278
73.5 9.3390 0.08285
74.0 9.4420 0.08292
74.5 9.5438 0.08298
75.0 9.6440 0.08303
75.5 9.7425 0.08308
76.0 9.8392 0.08312
76.5 9.9341 0.08315
77.0 10.0274 0.08317
77.5 10.1194 0.08318
78.0 10.2105 0.08317
78.5 10.3012 0.08315
79.0 10.3923 0.08311
79.5 10.4845 0.08305
80.0 10.5781 0.08298
80.5 10.6737 0.08290
81.0 10.7718 0.08279
81.5 10.8728 0.08268
82.0 10.9772 0.08255
82.5 11.0851 0.08241
83.0 11.1966 0.08225
83.5 11.3114 0.08209
84.0 11.4290 0.08191
84.5 11.5490 0.08174
85.0 11.6707 0.08156
85.5 11.7937 0.08138
86.0 11.9173 0.08121
86.5 12.0411 0.08105
87.0 12.1645 0.08090
87.5 12.2871 0.08076
88.0 12.4089 0.08064
88.5 12.5298 0.08054
89.0 12.6495 0.08045
89.5 12.7683 0.08038
90.0 12.8864 0.08032
90.5 13.0038 0.08028
91.0 13.1209 0.08025
91.5 13.2376 0.08024
92.0 13.3541 0.08025
92.5 13.4705 0.08027
93.0 13.5870 0.08031
93.5 13.7041 0.08036
94.0 13.8217 0.08043
94.5 13.9403 0.08051
95.0 14.0600 0.08060
95.5 14.1811 0.08071
96.0 14.3037 0.08083
96.5 14.4282 0.08097
97.0 14.5547 0.08112
97.5 14.6832 0.08129
98.0 14.8140 0.08146
98.5 14.9468 0.08165
99.0 15.0818 0.08185
99.5 15.2187 0.08206
100.0 15.3576 0.08229
100.5 15.4985 0.08252
101.0 15.6412 0.08277
101.5 15.7857 0.08302
102.0 15.9320 0.08328
102.5 16.0801 0.08354
103.0 16.2298 0.08381
103.5 16.3812 0.08408
104.0 16.5342 0.08436
104.5 16.6889 0.08464
105.0 16.8454 0.08493
105.5 17.0036 0.08521
106.0 17.1637 0.08551
106.5 17.3256 0.08580
107.0 17.4894 0.08611
107.5 17.6550 0.08641
108.0 17.8226 0.08673
108.5 17.9924 0.08704
109.0 18.1645 0.08736
109.5 18.3390 0.08768
110.0 18.5158 0.08800
110.5 18.6948 0.08832
111.0 18.8759 0.08864
111.5 19.0590 0.08896
112.0 19.2439 0.08928
112.5 19.4304 0.08960
113.0 19.6185 0.08991
113.5 19.8081 0.09022
114.0 19.9990 0.09054
114.5 20.1912 0.09085
115.0 20.3846 0.09116
115.5 20.5789 0.09147
116.0 20.7741 0.09177
116.5 20.9700 0.09208
117.0 21.1666 0.09239
117.5 21.3636 0.09270
118.0 21.5611 0.09300
118.5 21.7588 0.09331
119.0 21.9568 0.09362
119.5 22.1549 0.09393
120.0 22.3530 0.09424
